1.265060240963855331e-01
7.807807807807808087e-02
4.599999999999999922e-02
3.753753753753753808e-02
3.241296518607442861e-02
2.299999999999999961e-02
3.602058319039451451e-02
3.675918979744936116e-02
2.199999999999999872e-02
1.980792316926770560e-02
1.745771958537915836e-02
1.600000000000000033e-02
1.754385964912280604e-02
1.757393913416202200e-02
1.359999999999999924e-02
1.612903225806451568e-02
1.341334274620543596e-02
1.466666666666666639e-02
1.168667087807959484e-02
8.400840084008400627e-03
1.028571428571428518e-02
8.456082924168030479e-03
1.356639707800678246e-02
1.225000000000000047e-02
8.881421027364378579e-03
8.769905377336718877e-03
9.111111111111111494e-03
8.786969567081010998e-03
9.931719428926132770e-03
6.400000000000000307e-03
6.968641114982578391e-03
7.125445340333770930e-03
6.000000000000000125e-03
9.001058948111541683e-03
8.057603291616663096e-03
6.499999999999999702e-03
